lecture_id,r_id,degree
1,532,0.9408808949
1,55,0.2477556907
1,477,0.2477556907
1,406,0.1988116075
1,506,0.1988116075
1,261,0.1986838647
1,372,0.1986838647
1,631,0.1957611472
1,709,0.1957611472
2,511,0.451118184
2,360,0.3644364531
2,736,0.319100986
2,587,0.302063743
2,349,0.2692069257
2,102,0.2419498396
2,180,0.2419498396
2,76,0.2397505983
2,486,0.2397505983
3,675,0.4231965258
3,717,0.3999082334
3,358,0.3420548659
3,181,0.2637021856
3,487,0.2637021856
3,663,0.2196835959
3,413,0.2195939992
3,102,0.1681812296
3,180,0.1681812296
4,267,0.5441849839
4,548,0.5353108347
4,72,0.3812945037
4,266,0.3812945037
4,407,0.3630847007
4,703,0.3408712246
4,188,0.2322174457
4,225,0.2322174457
4,32,0.2158295142
5,621,0.2264258218
5,700,0.1878206609
5,714,0.1878206609
5,644,0.1799643542
5,550,0.1688094823
5,567,0.1670711657
5,669,0.1638852667
5,731,0.1453825993
5,4,0.1380463771
6,544,0.2838400126
6,581,0.2284985771
6,741,0.2284985771
6,521,0.217412432
6,155,0.2107865557
6,317,0.2107865557
6,93,0.1785053938
6,491,0.1785053938
6,747,0.1781756191
7,315,0.2725548592
7,90,0.2132402256
7,758,0.1678204336
7,591,0.1490260146
7,19,0.1466370027
7,249,0.1343320861
7,762,0.1332976275
7,760,0.1327492679
7,79,0.1326240806
8,356,0.2481338779
8,466,0.178441187
8,176,0.1744862208
8,213,0.1744862208
8,620,0.1712079247
8,309,0.1659563748
8,325,0.1540837284
8,187,0.1518041595
8,672,0.1404501807
9,259,0.9291965421
9,505,0.9291965421
9,154,0.8400446567
9,588,0.8400446567
9,463,0.2783034744
9,307,0.2689109994
9,570,0.2689109994
9,673,0.2570418806
9,411,0.2412107078
10,668,0.3230544253
10,521,0.2193028634
10,378,0.216269652
10,79,0.2115410518
10,277,0.2115410518
10,296,0.2115410518
10,405,0.2026007996
10,143,0.2021742671
10,172,0.2007952999
11,172,0.4657543635
11,427,0.2828526113
11,639,0.2771880462
11,79,0.2425172848
11,277,0.2425172848
11,296,0.2425172848
11,171,0.2331320131
11,182,0.2068847675
11,307,0.2047012979
12,212,0.3346749371
12,596,0.2903925832
12,528,0.2683069329
12,583,0.2509883403
12,279,0.2492032703
12,646,0.1817387077
12,464,0.1677812962
12,379,0.166556716
12,401,0.1619182148
13,22,0.3135819879
13,433,0.275970405
13,290,0.2539803195
13,65,0.2140677911
13,352,0.1987344901
13,128,0.1904606849
13,50,0.1885695629
13,115,0.1880149899
13,249,0.180288082
14,756,0.2998130932
14,309,0.2876051337
14,87,0.2579038109
14,611,0.2242133597
14,19,0.1746820693
14,663,0.1459667803
14,413,0.1459072486
14,244,0.1405779725
14,726,0.1394656361
15,23,0.9981173128
15,131,0.9981173128
15,205,0.9981173128
15,329,0.9981173128
15,575,0.9981173128
15,33,0.9280890257
15,57,0.9280890257
15,560,0.8014096027
15,26,0.697713364
16,223,0.9415505085
16,677,0.2115264054
16,145,0.2000585485
16,237,0.1452928621
16,683,0.1193034833
16,626,0.1071435474
16,216,0.1040187447
16,374,0.09182113681
16,246,0.08823530986
17,559,0.2610699746
17,159,0.2492035473
17,718,0.2091962193
17,41,0.1777986861
17,501,0.1745785559
17,400,0.1629358413
17,147,0.1596472176
17,37,0.1594620038
17,412,0.1328077646
18,109,0.4781184542
18,230,0.4687315106
18,263,0.4029375483
18,706,0.3539754163
18,441,0.3530081272
18,316,0.3269444124
18,387,0.272005375
18,667,0.2127739696
18,609,0.1967111257
19,90,0.2663952577
19,121,0.2589158762
19,177,0.2546916364
19,295,0.2431329636
19,721,0.2431329636
19,452,0.2393357283
19,51,0.2332794029
19,68,0.2287037167
19,151,0.2287037167
20,149,0.4650451491
20,555,0.4650451491
20,763,0.4049856299
20,260,0.284871732
20,288,0.2696690099
20,444,0.2352039815
20,80,0.1938034183
20,264,0.1938034183
20,554,0.1810209137
21,242,0.2756843021
21,311,0.2739382196
21,371,0.2623542016
21,673,0.202611463
21,221,0.193636246
21,693,0.1669862427
21,171,0.1656287959
21,98,0.1633928695
21,229,0.1480665275
22,290,0.5641140672
22,382,0.4907692422
22,87,0.3358688798
22,249,0.3272762813
22,13,0.3135819879
22,758,0.3128054874
22,759,0.3035779167
22,89,0.2965297433
22,339,0.2583166797
23,15,0.9981173128
23,108,0.9981173128
23,258,0.9981173128
23,624,0.9981173128
23,711,0.9981173128
23,33,0.9261998649
23,57,0.9261998649
23,560,0.800349371
23,26,0.6962188543
24,196,0.4609672094
24,434,0.1480719446
24,268,0.1325313572
24,581,0.1259936261
24,741,0.1259936261
24,481,0.120265482
24,469,0.1114769888
24,647,0.1113472901
24,375,0.11072436
25,393,0.2826690619
25,177,0.1167555632
25,118,0.113124786
25,399,0.1103927858
25,691,0.1051734262
25,70,0.1006802978
25,173,0.1006802978
25,493,0.08709060054
25,515,0.08709060054
26,560,0.9469501222
26,33,0.7202288859
26,57,0.7202288859
26,15,0.697713364
26,108,0.697713364
26,258,0.697713364
26,624,0.697713364
26,711,0.697713364
26,23,0.6962188543
27,322,0.2897324621
27,340,0.2031225822
27,496,0.1635780384
27,488,0.1302784898
27,546,0.1068032373
27,116,0.1052242599
27,280,0.1052145316
27,431,0.1024865466
27,719,0.09067861764
28,261,0.9481276177
28,372,0.9481276177
28,631,0.8938939192
28,709,0.8938939192
28,435,0.8860376407
28,535,0.8860376407
28,1,0.1827102306
28,524,0.1814503152
28,406,0.1620410125
29,295,0.3630407846
29,721,0.3630407846
29,455,0.3432438818
29,708,0.3432438818
29,177,0.3148710358
29,562,0.2712065474
29,52,0.2663573724
29,585,0.2575810716
29,577,0.2526837403
30,654,0.3758153388
30,455,0.366100308
30,708,0.366100308
30,295,0.3623061198
30,721,0.3623061198
30,603,0.3605768088
30,177,0.3498616337
30,52,0.3330483205
30,310,0.2693603012
31,143,0.4312952048
31,144,0.2587223016
31,150,0.2515262135
31,405,0.2423641991
31,564,0.2219116267
31,10,0.1877194008
31,67,0.1758377318
31,549,0.1715618236
31,561,0.1676677231
32,145,0.2602915157
32,4,0.2158295142
32,453,0.2121438545
32,267,0.1881913851
32,237,0.1799446414
32,548,0.1748266611
32,407,0.1637128644
32,72,0.1598009005
32,266,0.1598009005
33,15,0.9280890257
33,108,0.9280890257
33,258,0.9280890257
33,624,0.9280890257
33,711,0.9280890257
33,23,0.9261998649
33,131,0.9261998649
33,205,0.9261998649
33,329,0.9261998649
34,105,0.4035061759
34,523,0.4035061759
34,666,0.4035061759
34,344,0.3319406231
34,530,0.3270618122
34,443,0.2554190872
34,185,0.2271880864
34,577,0.1948277142
34,695,0.1938537788
35,295,0.1118530711
35,721,0.1118530711
35,19,0.1072829514
35,51,0.09696276069
35,64,0.09011617863
35,600,0.09011617863
35,416,0.08306642495
35,651,0.08060047404
35,420,0.0794477633
36,188,0.6362469934
36,225,0.6362469934
36,704,0.3679245742
36,489,0.3099435745
36,693,0.175184089
36,95,0.1643603181
36,92,0.1641468
36,646,0.1606093653
36,617,0.1261382727
37,718,0.3806054442
37,400,0.3609016229
37,366,0.3449898447
37,159,0.3247824492
37,501,0.3167879832
37,559,0.2733270453
37,112,0.2463476189
37,140,0.2463476189
37,444,0.1960094803
38,344,0.164593875
38,530,0.1443101021
38,347,0.1400740909
38,567,0.1302795444
38,123,0.123474735
38,404,0.123474735
38,641,0.123474735
38,34,0.1115972565
38,362,0.1115972565
39,715,0.3370774186
39,512,0.3328386946
39,179,0.222735799
39,713,0.2124585405
39,310,0.1755791654
39,574,0.09889683568
39,621,0.09268642868
39,382,0.09238091415
39,693,0.08970098226
40,547,0.2924650359
40,88,0.204360146
40,436,0.2038422441
40,30,0.1902563008
40,654,0.1829636662
40,177,0.1776378004
40,19,0.1746737827
40,201,0.1594648699
40,52,0.1581809751
41,531,0.5178106004
41,331,0.2252046657
41,597,0.2252046657
41,110,0.2194061876
41,432,0.2194061876
41,228,0.2144912825
41,17,0.1777986861
41,193,0.1696340757
41,694,0.165559835
42,694,0.3451072268
42,501,0.2261343218
42,707,0.2011177091
42,275,0.1965083136
42,681,0.1795284066
42,544,0.178262709
42,559,0.1741740702
42,502,0.1702972086
42,517,0.150128779
43,171,0.2215291559
43,582,0.1949050289
43,164,0.1898173697
43,639,0.187024095
43,379,0.1758811476
43,11,0.1722530899
43,738,0.1698268408
43,528,0.1677742391
43,476,0.1646033926
44,54,0.09558042686
44,381,0.07690715895
44,745,0.07690715895
44,430,0.07540853126
44,434,0.07041892758
44,599,0.06681568445
44,687,0.06632793387
44,93,0.06559653996
44,491,0.06559653996
45,725,0.1525483523
45,419,0.1392349087
45,69,0.1325964245
45,552,0.1325964245
45,537,0.1289336199
45,391,0.1185615739
45,581,0.1184022136
45,741,0.1184022136
45,536,0.1174979716
46,406,0.5068632082
46,506,0.5068632082
46,132,0.4056265339
46,418,0.2083687839
46,680,0.2062754616
46,308,0.1815464728
46,304,0.1779822329
46,240,0.1733256841
46,532,0.1703122805
47,26,0.1862768204
47,168,0.1781507914
47,560,0.1704575892
47,623,0.1471517848
47,581,0.1470913702
47,741,0.1470913702
47,577,0.1449635981
47,181,0.1402868927
47,487,0.1402868927
48,755,0.8701028485
48,81,0.8647598066
48,184,0.8402673813
48,661,0.8302807057
48,456,0.7994675488
48,573,0.3474845802
48,616,0.3474845802
48,538,0.3054833111
48,426,0.2886333916
49,436,0.4954587985
49,682,0.2887311356
49,201,0.2648156463
49,186,0.2445967285
49,364,0.2445967285
49,547,0.2170289565
49,760,0.2002994127
49,397,0.1994197029
49,654,0.1970001985
50,128,0.3082857459
50,474,0.2625998146
50,352,0.2024044847
50,13,0.1885695629
50,462,0.1875792648
50,691,0.1874136673
50,95,0.179313396
50,580,0.1692511032
50,134,0.1654913587
51,19,0.2332794029
51,583,0.1894264656
51,596,0.1846727973
51,514,0.1750974944
51,743,0.1672207137
51,212,0.1551663452
51,352,0.1522037147
51,12,0.1477676766
51,31,0.1425262654
52,654,0.6897275813
52,177,0.3991397625
52,295,0.3823348878
52,721,0.3823348878
52,455,0.3346846994
52,708,0.3346846994
52,30,0.3330483205
52,436,0.2753993372
52,29,0.2663573724
53,455,0.1702836661
53,708,0.1702836661
53,177,0.168829981
53,29,0.1683112086
53,194,0.1683112086
53,295,0.1670656488
53,721,0.1670656488
53,717,0.1442963763
53,562,0.142735224
54,734,0.2532297338
54,753,0.2532297338
54,98,0.1788875881
54,334,0.1407515696
54,744,0.1273085211
54,242,0.1160103297
54,659,0.1139629116
54,625,0.1135555516
54,260,0.1125986302
55,1,0.2477556907
55,532,0.2193162294
55,29,0.205739062
55,194,0.205739062
55,276,0.1947489026
55,455,0.179655742
55,708,0.179655742
55,161,0.1750707796
55,52,0.1620017576
56,621,0.3161196096
56,644,0.2709199927
56,731,0.2561178761
56,700,0.243756887
56,714,0.243756887
56,550,0.2412241859
56,508,0.2126353839
56,346,0.1727081148
56,687,0.1711022868
57,15,0.9280890257
57,108,0.9280890257
57,258,0.9280890257
57,624,0.9280890257
57,711,0.9280890257
57,23,0.9261998649
57,131,0.9261998649
57,205,0.9261998649
57,329,0.9261998649
58,260,0.4098040503
58,203,0.3251764686
58,500,0.3251764686
58,423,0.298089579
58,415,0.2966031688
58,153,0.2844986799
58,424,0.2765684342
58,385,0.2529295007
58,635,0.2529295007
59,281,0.2444295822
59,630,0.2383282409
59,166,0.206439959
59,330,0.1995336846
59,447,0.1995336846
59,684,0.1995336846
59,379,0.1647495279
59,606,0.1395505443
59,453,0.1316837472
60,581,0.2465124829
60,741,0.2465124829
60,330,0.1964706178
60,447,0.1964706178
60,684,0.1964706178
60,563,0.1888263132
60,453,0.187924516
60,351,0.1663119334
60,417,0.1634063795
61,380,0.2597897113
61,306,0.2496632932
61,482,0.2369494967
61,242,0.2248727307
61,371,0.1906927054
61,623,0.1827120842
61,182,0.1759511331
61,692,0.16506967
61,163,0.1580535226
62,29,0.2042214666
62,194,0.2042214666
62,187,0.178953978
62,30,0.166885166
62,455,0.1609861146
62,708,0.1609861146
62,295,0.1578751727
62,721,0.1578751727
62,438,0.1573130344
63,233,0.53752184
63,232,0.2468470902
63,21,0.1468181285
63,528,0.1457444721
63,482,0.1079460034
63,615,0.1062068505
63,696,0.1062068505
63,579,0.09654663167
63,601,0.09654663167
64,460,0.4273997851
64,490,0.3046183796
64,720,0.2194070643
64,293,0.2165972018
64,762,0.2124384523
64,374,0.1916627346
64,457,0.128548307
64,187,0.1275777979
64,498,0.1219374672
65,291,0.5835026362
65,352,0.3312801183
65,115,0.3192728472
65,462,0.2352876436
65,13,0.2140677911
65,314,0.2095381941
65,433,0.1853731133
65,241,0.1845721372
65,519,0.1845721372
66,662,0.2700984688
66,368,0.1999001463
66,378,0.1877957915
66,595,0.1866730677
66,668,0.1834983697
66,290,0.1666262915
66,79,0.1584931634
66,277,0.1584931634
66,296,0.1584931634
67,564,0.3482444633
67,563,0.2344571948
67,199,0.2169248585
67,245,0.2169248585
67,338,0.2078431004
67,31,0.1758377318
67,474,0.1746524916
67,152,0.1630059463
67,716,0.1611488106
68,278,0.3612809088
68,384,0.2900192557
68,19,0.2287037167
68,707,0.2270727879
68,244,0.1975881673
68,90,0.1884379654
68,193,0.1882830324
68,719,0.1842850813
68,158,0.1837820231
69,463,0.4137085386
69,303,0.4097777668
69,411,0.3869004269
69,302,0.3623517051
69,124,0.3505723878
69,321,0.3408895016
69,576,0.3408895016
69,337,0.330397958
69,342,0.330397958
70,455,0.2092333407
70,708,0.2092333407
70,29,0.1970047894
70,194,0.1970047894
70,295,0.1825937892
70,721,0.1825937892
70,177,0.1653204451
70,393,0.1600320543
70,218,0.1551570482
71,168,0.3618484128
71,137,0.2570287172
71,648,0.240393617
71,90,0.2326871397
71,158,0.224629587
71,602,0.2056418434
71,438,0.1909786207
71,409,0.1855048149
71,19,0.1498020782
72,267,0.4226220535
72,548,0.3843179723
72,4,0.3812945037
72,407,0.2477897251
72,188,0.2212096073
72,225,0.2212096073
72,703,0.2037084823
72,32,0.1598009005
72,629,0.1598009005
73,228,0.4092439056
73,584,0.2908907488
73,275,0.2625928813
73,720,0.2118795113
73,718,0.1984450042
73,386,0.1931246884
73,707,0.1911184925
73,412,0.187853863
73,559,0.1819502872
74,318,0.5343437569
74,633,0.5343437569
74,480,0.5102541252
74,117,0.4109849098
74,314,0.3564030412
74,445,0.3409574259
74,527,0.3409574259
74,710,0.2838332597
74,235,0.2573905441
75,524,0.3971414891
75,309,0.1487604379
75,187,0.1352209168
75,611,0.1343711808
75,261,0.1329388467
75,372,0.1329388467
75,631,0.1309832642
75,709,0.1309832642
75,196,0.128937716
76,345,0.6606422182
76,511,0.325295015
76,348,0.2961455574
76,2,0.2397505983
76,124,0.2385291915
76,444,0.2357292464
76,254,0.2313420325
76,454,0.2308526261
76,598,0.2183018623
77,611,0.23276277
77,187,0.2061544967
77,128,0.1924244513
77,118,0.1521412889
77,522,0.1450773016
77,628,0.1450773016
77,325,0.1414339013
77,594,0.1388467655
77,464,0.1371415467
78,484,0.3061324709
78,339,0.2068395547
78,732,0.179913921
78,733,0.1690104449
78,725,0.16418279
78,22,0.1608856755
78,655,0.1596002773
78,559,0.1516891822
78,706,0.1513246943
79,229,0.9963123933
79,172,0.3778942776
79,668,0.361517983
79,163,0.3190469231
79,182,0.2999535405
79,171,0.297519214
79,521,0.2918600477
79,446,0.2496368086
79,311,0.245845721
80,260,0.3954095413
80,577,0.2887193821
80,625,0.2822663787
80,153,0.2700010456
80,58,0.2407599486
80,423,0.2272521127
80,415,0.2240125396
80,762,0.21784228
80,424,0.2094607641
81,755,0.9318123616
81,184,0.8875166254
81,661,0.872533758
81,48,0.8647598066
81,456,0.81206702
81,573,0.3417701608
81,616,0.3417701608
81,538,0.3004596069
81,426,0.2838867861
82,394,0.9141590382
82,29,0.1615257034
82,194,0.1615257034
82,115,0.156615625
82,375,0.1469650998
82,177,0.1449644801
82,383,0.1357052404
82,295,0.1211353201
82,721,0.1211353201
83,153,0.4483965939
83,403,0.1276171378
83,690,0.1276171378
83,411,0.08022624139
83,463,0.07968352188
83,619,0.07937713043
83,678,0.07937713043
83,20,0.07188792422
83,178,0.07001168437
84,406,0.1024633437
84,506,0.1024633437
84,132,0.09751966812
84,261,0.08687130448
84,372,0.08687130448
84,631,0.08559339356
84,709,0.08559339356
84,435,0.08380239807
84,535,0.08380239807
85,162,0.1206600769
85,322,0.09728766184
85,10,0.09120202152
85,313,0.06954544095
85,201,0.06483169045
85,281,0.05953425079
85,431,0.05660735086
85,379,0.05625679404
85,26,0.0552293584
86,738,0.2120425278
86,177,0.2044293646
86,393,0.1993382591
86,422,0.1685684973
86,637,0.1553933263
86,315,0.1496458585
86,52,0.1399933444
86,581,0.1395942434
86,741,0.1395942434
87,756,0.3497102453
87,22,0.3358688798
87,309,0.3002699271
87,290,0.2817426168
87,14,0.2579038109
87,249,0.2480228709
87,758,0.2414841036
87,292,0.1704268695
87,630,0.165112377
88,592,0.2662064172
88,662,0.2257652653
88,368,0.2090264875
88,40,0.204360146
88,19,0.1961800173
88,760,0.1857609323
88,279,0.1820727601
88,106,0.1806686257
88,298,0.1806686257
89,759,0.977512222
89,22,0.2965297433
89,175,0.2448401259
89,324,0.2448401259
89,446,0.2369663337
89,520,0.2348842774
89,114,0.2333389073
89,421,0.2293344105
89,399,0.2248911716
90,158,0.3415655038
90,121,0.2884134695
90,19,0.2663952577
90,71,0.2326871397
90,585,0.2161581954
90,7,0.2132402256
90,231,0.2132402256
90,760,0.2004031333
90,591,0.1955993037
91,147,0.3982236598
91,278,0.2689731721
91,617,0.178409651
91,411,0.1336928324
91,69,0.1259011104
91,552,0.1259011104
91,68,0.120389792
91,151,0.120389792
91,384,0.1203839825
92,397,0.306330512
92,682,0.1716107742
92,68,0.1695110201
92,151,0.1695110201
92,36,0.1641468
92,585,0.1616572411
92,717,0.1616193666
92,177,0.1607289774
92,30,0.1604268714
93,429,0.2212671884
93,6,0.1785053938
93,286,0.1785053938
93,444,0.1659064435
93,448,0.159675208
93,90,0.1315487152
93,102,0.1309952951
93,180,0.1309952951
93,158,0.1238923395
94,335,0.9941446065
94,165,0.215483529
94,581,0.1760583538
94,741,0.1760583538
94,330,0.1505452881
94,447,0.1505452881
94,684,0.1505452881
94,60,0.1370464045
94,22,0.1308254326
95,352,0.2390777944
95,198,0.1981669715
95,743,0.1978345734
95,466,0.1903596563
95,536,0.1854315224
95,50,0.179313396
95,247,0.1787310261
95,279,0.1695228144
95,309,0.1689686019
96,365,0.922154359
96,610,0.922154359
96,359,0.4156141161
96,274,0.3238051198
96,529,0.3238051198
96,458,0.2902941969
96,224,0.2550261196
96,236,0.2187190258
96,545,0.2187190258
97,128,0.4719954458
97,474,0.3366550677
97,273,0.2074163429
97,536,0.2071449717
97,118,0.1833430023
97,710,0.1823524421
97,762,0.1770934827
97,198,0.1742848889
97,175,0.1716905287
98,102,0.2712203556
98,180,0.2712203556
98,625,0.2339599255
98,360,0.2130430671
98,764,0.1932704903
98,736,0.1876796456
98,358,0.1833013991
98,511,0.1799140703
98,54,0.1788875881
99,157,0.7469793508
99,299,0.3087209476
99,136,0.3051089557
99,323,0.3031142554
99,730,0.1787301018
99,437,0.1563159987
99,325,0.1456166195
99,354,0.1406537496
99,497,0.1382597787
100,307,0.2904812346
100,570,0.2904812346
100,670,0.2326777066
100,740,0.1827093783
100,496,0.1509131231
100,563,0.1498966335
100,395,0.1396483216
100,596,0.1387816515
100,353,0.1362509385
101,598,0.1716610126
101,699,0.1493104941
101,593,0.1415209459
101,326,0.1412335513
101,725,0.1188612476
101,431,0.1011026139
101,139,0.09870780497
101,88,0.09601129663
101,78,0.09586423447
102,181,0.4923975196
102,487,0.4923975196
102,360,0.337219445
102,283,0.2933993443
102,98,0.2712203556
102,211,0.2521385999
102,2,0.2419498396
102,736,0.2230802403
102,719,0.2108406064
103,74,0.2264345461
103,251,0.2038232386
103,726,0.1983698767
103,318,0.1531665529
103,633,0.1531665529
103,314,0.1478470863
103,480,0.1438045265
103,339,0.1238620668
103,209,0.123772415
104,139,0.703759403
104,604,0.5249585653
104,716,0.3607413952
104,743,0.2034496818
104,699,0.1518585397
104,746,0.1496643143
104,611,0.148084755
104,212,0.1458862191
104,509,0.1394009819
105,746,0.4370463452
105,34,0.4035061759
105,362,0.4035061759
105,428,0.4035061759
105,577,0.3482807511
105,241,0.3099531723
105,519,0.3099531723
105,762,0.272803399
105,443,0.2696644298
106,592,0.3055883099
106,160,0.1884427346
106,88,0.1806686257
106,279,0.1432931753
106,23,0.143179759
106,131,0.143179759
106,205,0.143179759
106,329,0.143179759
106,575,0.143179759
107,356,0.2481338779
107,466,0.178441187
107,176,0.1744862208
107,213,0.1744862208
107,620,0.1712079247
107,309,0.1659563748
107,325,0.1540837284
107,187,0.1518041595
107,672,0.1404501807
108,23,0.9981173128
108,131,0.9981173128
108,205,0.9981173128
108,329,0.9981173128
108,575,0.9981173128
108,33,0.9280890257
108,57,0.9280890257
108,560,0.8014096027
108,26,0.697713364
109,18,0.4781184542
109,391,0.1730553703
109,263,0.172874782
109,622,0.1589503157
109,177,0.156326691
109,609,0.1455675916
109,387,0.1432452854
109,230,0.1413593999
109,316,0.130213872
110,331,0.9742524068
110,597,0.9742524068
110,584,0.3423514923
110,41,0.2194061876
110,720,0.1930621548
110,712,0.1887183601
110,531,0.1818186552
110,366,0.1756281087
110,275,0.1732466527
111,365,0.2072510536
111,610,0.2072510536
111,695,0.198400198
111,96,0.1922670597
111,185,0.1734702051
111,109,0.1146406009
111,347,0.09565915116
111,359,0.09155781751
111,609,0.08996659197
112,159,0.2916153371
112,454,0.2819869592
112,366,0.2810233833
112,37,0.2463476189
112,584,0.2185261927
112,531,0.1992513012
112,303,0.192329168
112,718,0.1892193152
112,501,0.1828285542
113,656,0.5543470782
113,573,0.1684482651
113,616,0.1684482651
113,81,0.1599085029
113,755,0.154290585
113,212,0.1539417577
113,184,0.1536534721
113,48,0.1484388599
113,661,0.147229142
114,645,0.7219700643
114,290,0.2831247096
114,382,0.2755134041
114,190,0.2533621425
114,665,0.2425152007
114,89,0.2333389073
114,446,0.2254266192
114,314,0.2253619502
114,620,0.2252243216
115,352,0.3315613536
115,65,0.3192728472
115,291,0.240989179
115,416,0.1909728281
115,268,0.1888559377
115,13,0.1880149899
115,394,0.1798791725
115,381,0.1791422222
115,745,0.1791422222
116,300,0.2484992562
116,134,0.2345324589
116,279,0.1976643369
116,528,0.1926028208
116,536,0.180251399
116,496,0.1696644588
116,379,0.1588678636
116,212,0.1379541711
116,88,0.1306865628
117,74,0.4109849098
117,480,0.3843995458
117,314,0.2998041356
117,318,0.2768824968
117,633,0.2768824968
117,445,0.2160048009
117,527,0.2160048009
117,710,0.2028438145
117,182,0.1972995168
118,464,0.7616136842
118,638,0.4277073494
118,399,0.3679438773
118,518,0.362430073
118,602,0.3055647975
118,496,0.2529410257
118,198,0.2513802589
118,128,0.2344819062
118,273,0.187919247
119,510,0.2614310807
119,132,0.2115272995
119,203,0.1775816871
119,500,0.1775816871
119,129,0.1621073291
119,451,0.1621073291
119,345,0.1512712804
119,418,0.1500044572
119,680,0.1484974769
120,385,0.2210743839
120,635,0.2210743839
120,202,0.1295897516
120,339,0.1213313678
120,448,0.1209108356
120,726,0.1074384167
120,538,0.1028704562
120,203,0.1014984329
120,500,0.1014984329
121,90,0.2884134695
121,19,0.2589158762
121,591,0.2372578542
121,756,0.2164484257
121,585,0.2075891115
121,609,0.1942897954
121,637,0.1870828952
121,452,0.185289843
121,370,0.1625947273
122,484,0.2181634108
122,19,0.1920208076
122,333,0.1801341062
122,90,0.1664921043
122,121,0.1548701703
122,303,0.1391377636
122,52,0.1304145732
122,158,0.1302427543
122,748,0.1289677384
123,347,0.740018755
123,695,0.3784796798
123,185,0.3732184922
123,318,0.3157215048
123,633,0.3157215048
123,235,0.3045073355
123,443,0.1966675273
123,34,0.1897206363
123,362,0.1897206363
124,288,0.7048284952
124,227,0.6262551958
124,763,0.4441997254
124,69,0.3505723878
124,552,0.3505723878
124,463,0.2983011728
124,337,0.2616891676
124,342,0.2616891676
124,321,0.2545802385
125,261,0.9481276177
125,372,0.9481276177
125,631,0.8938939192
125,709,0.8938939192
125,435,0.8860376407
125,535,0.8860376407
125,1,0.1827102306
125,524,0.1814503152
125,406,0.1620410125
126,164,0.2477193894
126,124,0.1287761335
126,446,0.1285055897
126,290,0.1163853824
126,242,0.1142325097
126,288,0.1136500011
126,401,0.1106468443
126,198,0.110515283
126,171,0.1065914657
127,209,0.323670265
127,193,0.3211282112
127,195,0.3016557889
127,726,0.2650808687
127,339,0.2256747928
127,274,0.2220476175
127,529,0.2220476175
127,733,0.1813644256
127,236,0.1811773558
128,474,0.5113346049
128,97,0.4719954458
128,50,0.3082857459
128,290,0.295685139
128,419,0.2608464391
128,420,0.2600964434
128,634,0.2600964434
128,273,0.2386817995
128,118,0.2344819062
129,217,0.5632734707
129,207,0.4700153441
129,752,0.4700153441
129,119,0.1621073291
129,203,0.1355755562
129,500,0.1355755562
129,650,0.131882008
129,385,0.1244964851
129,635,0.1244964851
130,562,0.199956276
130,105,0.1920665957
130,523,0.1920665957
130,666,0.1920665957
130,34,0.1631086204
130,362,0.1631086204
130,428,0.1631086204
130,19,0.1490491453
130,211,0.1465131964
131,15,0.9981173128
131,108,0.9981173128
131,258,0.9981173128
131,624,0.9981173128
131,711,0.9981173128
131,33,0.9261998649
131,57,0.9261998649
131,560,0.800349371
131,26,0.6962188543
132,46,0.4056265339
132,722,0.4056265339
132,406,0.3599406721
132,506,0.3599406721
132,119,0.2115272995
132,418,0.1898135816
132,680,0.1879066694
132,276,0.1826334506
132,1,0.1764342141
133,712,0.5169562036
133,193,0.2172855675
133,501,0.1904119649
133,412,0.1663264285
133,426,0.1636584107
133,366,0.1607130739
133,110,0.1308493968
133,432,0.1308493968
133,135,0.1291017617
134,116,0.2345324589
134,496,0.2084183152
134,50,0.1654913587
134,528,0.1616381321
134,279,0.1572057691
134,12,0.1552085101
134,343,0.149338522
134,586,0.144541419
134,395,0.1400040827
135,499,0.5273380473
135,384,0.194980935
135,2,0.181805276
135,254,0.1782451092
135,409,0.1773297357
135,386,0.1619296504
135,412,0.1503559851
135,712,0.1476881287
135,221,0.1450684991
136,323,0.988796621
136,730,0.325408441
136,99,0.3051089557
136,299,0.2974640282
136,354,0.2668548156
136,198,0.2361918592
136,583,0.2187192577
136,69,0.1864076253
136,552,0.1864076253
137,158,0.3348803956
137,71,0.2570287172
137,29,0.2192971535
137,194,0.2192971535
137,409,0.1867470114
137,350,0.1821927124
137,90,0.1688116435
137,88,0.1636679057
137,397,0.1587502151
138,484,0.3061324709
138,339,0.2068395547
138,732,0.179913921
138,733,0.1690104449
138,725,0.16418279
138,22,0.1608856755
138,655,0.1596002773
138,559,0.1516891822
138,706,0.1513246943
139,104,0.703759403
139,604,0.6115097269
139,716,0.3985133714
139,509,0.1860845551
139,743,0.185418058
139,419,0.177269012
139,611,0.151553034
139,212,0.1481403811
139,272,0.1407135873
140,159,0.2916153371
140,454,0.2819869592
140,366,0.2810233833
140,37,0.2463476189
140,584,0.2185261927
140,531,0.1992513012
140,303,0.192329168
140,718,0.1892193152
140,501,0.1828285542
141,204,0.220987934
141,276,0.1509261359
141,55,0.1369348768
141,477,0.1369348768
141,177,0.1352540641
141,52,0.1263610075
141,349,0.120662146
141,29,0.1161903914
141,194,0.1161903914
142,297,0.3319145564
142,154,0.2079887544
142,588,0.2079887544
142,337,0.2075215343
142,342,0.2075215343
142,673,0.2061907675
142,9,0.1660702618
142,737,0.1660702618
142,463,0.1624978112
143,31,0.4312952048
143,144,0.2888115515
143,150,0.2421087156
143,10,0.2021742671
143,564,0.1836128532
143,67,0.1595779463
143,640,0.1592926443
143,368,0.1458587448
143,549,0.1421367057
144,143,0.2888115515
144,31,0.2587223016
144,249,0.1929978616
144,758,0.1618638446
144,471,0.1603280599
144,167,0.1483057698
144,150,0.1297039522
144,408,0.1278275122
144,612,0.1266971232
145,237,0.8281974277
145,216,0.2920258402
145,32,0.2602915157
145,629,0.2602915157
145,16,0.2000585485
145,223,0.1865662684
145,344,0.142082894
145,361,0.1260010932
145,530,0.1135798895
146,253,0.8866516814
146,618,0.8866516814
146,726,0.2026846291
146,436,0.1841358054
146,244,0.1731609823
146,667,0.169513531
146,262,0.1694230024
146,177,0.1658908337
146,654,0.164374757
147,91,0.3982236598
147,74,0.2458850669
147,480,0.2228665276
147,384,0.2024345995
147,278,0.1866630264
147,617,0.1784981596
147,117,0.1746286004
147,318,0.1716184193
147,633,0.1716184193
148,640,0.4000155872
148,652,0.3633285639
148,733,0.3487376582
148,608,0.2739097349
148,470,0.2622251643
148,244,0.2274402335
148,654,0.2082657805
148,177,0.2042419343
148,547,0.2027648314
149,763,0.5355312801
149,20,0.4650451491
149,288,0.308363254
149,34,0.1913634831
149,362,0.1913634831
149,428,0.1913634831
149,530,0.1732562921
149,344,0.1557299498
149,227,0.1478968795
150,31,0.2515262135
150,143,0.2421087156
150,10,0.1616144725
150,405,0.1483550983
150,760,0.1455044621
150,564,0.1400815246
150,60,0.1395680758
150,566,0.1344378742
150,549,0.1308807437
151,278,0.3612809088
151,384,0.2900192557
151,19,0.2287037167
151,707,0.2270727879
151,244,0.1975881673
151,90,0.1884379654
151,193,0.1882830324
151,719,0.1842850813
151,158,0.1837820231
152,689,0.3004740619
152,563,0.1772021477
152,268,0.1731808147
152,67,0.1630059463
152,687,0.1566241754
152,668,0.1557328968
152,521,0.1476491455
152,199,0.1342416716
152,245,0.1342416716
153,83,0.4483965939
153,674,0.4483965939
153,260,0.3225784304
153,58,0.2844986799
153,80,0.2700010456
153,264,0.2700010456
153,423,0.2414080325
153,415,0.2397063347
153,203,0.2188514351
154,9,0.8400446567
154,737,0.8400446567
154,259,0.8171762524
154,505,0.8171762524
154,463,0.3451940385
154,673,0.3153841705
154,411,0.3100002291
154,297,0.296326844
154,403,0.2868412877
155,441,0.2785728595
155,607,0.2605066872
155,734,0.2569356821
155,753,0.2569356821
155,6,0.2107865557
155,286,0.2107865557
155,242,0.1789795677
155,747,0.1618985025
155,619,0.1602720088
156,437,0.1289013102
156,660,0.1179530985
156,590,0.09741640948
156,483,0.09235238892
156,177,0.0829979974
156,717,0.08068816267
156,58,0.07604626218
156,497,0.07530991675
156,299,0.07233786116
157,99,0.7469793508
157,299,0.2617876119
157,136,0.1619641949
157,323,0.1609053272
157,437,0.1476919035
157,497,0.146787784
157,590,0.1339337568
157,50,0.1174909569
157,660,0.1109018094
158,90,0.3415655038
158,137,0.3348803956
158,663,0.3018637056
158,413,0.3017405923
158,177,0.2775727901
158,603,0.2758248497
158,654,0.2574464778
158,30,0.2500473312
158,52,0.23089869
159,400,0.4306809456
159,718,0.3687491514
159,37,0.3247824492
159,112,0.2916153371
159,140,0.2916153371
159,584,0.2578871378
159,17,0.2492035473
159,559,0.2347203589
159,366,0.2307240474
160,314,0.3732825701
160,175,0.2668503876
160,324,0.2668503876
160,270,0.2344761053
160,733,0.2316381298
160,658,0.2248349484
160,114,0.2223404267
160,176,0.2206125351
160,213,0.2206125351
161,22,0.178531279
161,55,0.1750707796
161,477,0.1750707796
161,339,0.1627193086
161,348,0.1472371564
161,78,0.1397112118
161,138,0.1397112118
161,269,0.1345856587
161,655,0.1171373987
162,368,0.2708066169
162,188,0.240735139
162,225,0.240735139
162,662,0.2259355546
162,232,0.2177886121
162,689,0.1863843929
162,281,0.1700819178
162,168,0.1663406846
162,482,0.1639526713
163,599,0.833855718
163,79,0.3190469231
163,277,0.3190469231
163,296,0.3190469231
163,229,0.317328864
163,182,0.2296020169
163,306,0.2111373198
163,713,0.2090723185
163,172,0.2058409934
164,520,0.3475835001
164,256,0.3292553791
164,126,0.2477193894
164,528,0.2245409015
164,175,0.2193849517
164,324,0.2193849517
164,652,0.2165250059
164,679,0.2088578557
164,284,0.1967730026
165,94,0.215483529
165,335,0.2111497963
165,184,0.2107495877
165,755,0.2021943593
165,81,0.2009527441
165,48,0.2008421007
165,456,0.2005164785
165,661,0.1929404962
165,653,0.1838514071
166,758,0.3035723905
166,249,0.2244250083
166,59,0.206439959
166,453,0.1949053737
166,630,0.1806098404
166,32,0.1443379394
166,629,0.1443379394
166,653,0.1290116561
166,192,0.1197181397
167,612,0.3965411845
167,471,0.2044360588
167,74,0.1729861421
167,11,0.1667254389
167,582,0.1606906082
167,508,0.1511790365
167,144,0.1483057698
167,171,0.1480416831
167,480,0.1301300345
168,71,0.3618484128
168,648,0.2747534631
168,438,0.2682955535
168,602,0.2241330961
168,47,0.1781507914
168,520,0.1737680813
168,368,0.1711158503
168,162,0.1663406846
168,725,0.1637267722
169,382,0.1466640826
169,290,0.1409189845
169,379,0.1374314895
169,222,0.1354984685
169,160,0.127367304
169,368,0.1187537091
169,114,0.1176132153
169,725,0.1068075634
169,485,0.1059064299
170,336,0.1603871264
170,731,0.1296313812
170,498,0.12398862
170,278,0.1125139166
170,9,0.1058050393
170,737,0.1058050393
170,259,0.102447164
170,505,0.102447164
170,95,0.08436932403
171,639,0.3383545846
171,582,0.3032606406
171,229,0.2999457353
171,79,0.297519214
171,277,0.297519214
171,296,0.297519214
171,254,0.2965220536
171,306,0.277890184
171,172,0.2570536385
172,11,0.4657543635
172,79,0.3778942776
172,277,0.3778942776
172,296,0.3778942776
172,229,0.3355909338
172,639,0.3140425041
172,498,0.2776724647
172,668,0.2774300816
172,171,0.2570536385
173,455,0.2092333407
173,708,0.2092333407
173,29,0.1970047894
173,194,0.1970047894
173,295,0.1825937892
173,721,0.1825937892
173,177,0.1653204451
173,393,0.1600320543
173,218,0.1551570482
174,423,0.1850380658
174,415,0.1824002715
174,424,0.1768431237
174,585,0.1677657724
174,513,0.1646157203
174,484,0.161530301
174,642,0.1449977526
174,685,0.1440237932
174,78,0.143216171
175,520,0.432029572
175,256,0.2867443634
175,177,0.2843840732
175,160,0.2668503876
175,733,0.2603621846
175,393,0.2548136346
175,759,0.2465368723
175,89,0.2448401259
175,642,0.2361102711
176,514,0.2928705869
176,672,0.2428408147
176,356,0.2400990554
176,160,0.2206125351
176,620,0.2141014176
176,457,0.2056202788
176,606,0.1943606805
176,325,0.1806835336
176,187,0.1783248973
177,654,0.4352940258
177,52,0.3991397625
177,295,0.361859976
177,721,0.361859976
177,30,0.3498616337
177,29,0.3148710358
177,194,0.3148710358
177,436,0.299134161
177,175,0.2843840732
178,723,0.1800013195
178,287,0.1461954894
178,533,0.1294807953
178,688,0.1294807953
178,530,0.09340849738
178,626,0.09127585227
178,542,0.08863378233
178,460,0.08775375049
178,75,0.08314973621
179,713,0.4051833817
179,512,0.403371349
179,310,0.2424856734
179,39,0.222735799
179,662,0.1683877564
179,715,0.1354819823
179,382,0.1198210261
179,738,0.1193807924
179,621,0.1193455126
180,181,0.4923975196
180,487,0.4923975196
180,360,0.337219445
180,283,0.2933993443
180,98,0.2712203556
180,211,0.2521385999
180,2,0.2419498396
180,736,0.2230802403
180,719,0.2108406064
181,102,0.4923975196
181,180,0.4923975196
181,211,0.302057012
181,3,0.2637021856
181,553,0.2288626033
181,349,0.2157759822
181,736,0.2138774904
181,358,0.2042092696
181,360,0.2031808837
182,79,0.2999535405
182,277,0.2999535405
182,296,0.2999535405
182,229,0.2917483495
182,668,0.2741397647
182,713,0.2639903761
182,172,0.255205577
182,163,0.2296020169
182,171,0.2252236005
183,409,0.201830032
183,559,0.1044046903
183,501,0.1021317577
183,386,0.09893615098
183,517,0.09395045979
183,454,0.09349955179
183,444,0.09290137231
183,430,0.09030381364
183,544,0.09000101134
184,755,0.9112799248
184,81,0.8875166254
184,661,0.8521301804
184,456,0.8516568927
184,48,0.8402673813
184,573,0.3570420617
184,616,0.3570420617
184,538,0.3151076068
184,426,0.2977268282
185,695,0.9316694202
185,347,0.4603113424
185,318,0.4526286073
185,633,0.4526286073
185,123,0.3732184922
185,404,0.3732184922
185,641,0.3732184922
185,443,0.322422525
185,105,0.2400277286
186,436,0.2446742002
186,49,0.2445967285
186,729,0.2445967285
186,30,0.240823482
186,226,0.2288768429
186,285,0.2263028729
186,455,0.1931760898
186,708,0.1931760898
186,255,0.1927284703
187,325,0.3246770115
187,490,0.2875842422
187,460,0.2791618654
187,672,0.2773727068
187,457,0.2694398946
187,620,0.2482426164
187,623,0.2378394946
187,293,0.2351456123
187,314,0.2329904826
188,36,0.6362469934
188,704,0.3107465092
188,489,0.2833584941
188,267,0.2610576338
188,548,0.257848983
188,162,0.240735139
188,4,0.2322174457
188,72,0.2212096073
188,266,0.2212096073
189,199,0.1412265088
189,245,0.1412265088
189,582,0.1309975462
189,171,0.1269591351
189,563,0.1235027313
189,43,0.1219615834
189,578,0.1219615834
189,146,0.1118337733
189,639,0.1111537112
190,665,0.8185710454
190,114,0.2533621425
190,645,0.2225920447
190,128,0.1979417266
190,269,0.1933355227
190,79,0.1905254592
190,277,0.1905254592
190,296,0.1905254592
190,229,0.1891781789
191,526,0.2844307878
191,725,0.2749330324
191,620,0.2137218522
191,754,0.205118401
191,187,0.1964900236
191,314,0.1951320152
191,446,0.1948126886
191,732,0.1876825242
191,177,0.1848320797
192,727,0.4124778854
192,417,0.2197535159
192,158,0.158338451
192,166,0.1197181397
192,137,0.1184639761
192,453,0.117737755
192,561,0.1057658008
192,309,0.1054877688
192,524,0.1049265777
193,127,0.3211282112
193,686,0.3211282112
193,707,0.3035538041
193,694,0.2923462465
193,195,0.2796084921
193,275,0.2549322095
193,681,0.2479365651
193,274,0.2454359477
193,529,0.2454359477
194,295,0.3630407846
194,721,0.3630407846
194,455,0.3432438818
194,708,0.3432438818
194,177,0.3148710358
194,562,0.2712065474
194,52,0.2663573724
194,585,0.2575810716
194,577,0.2526837403
195,274,0.4425011879
195,529,0.4425011879
195,458,0.4229989572
195,236,0.3539466339
195,545,0.3539466339
195,402,0.3293738351
195,377,0.321431913
195,320,0.3140087584
195,468,0.3140087584
196,24,0.4609672094
196,733,0.1457435975
196,177,0.1380295802
196,282,0.1328641262
196,465,0.1328641262
196,434,0.1308387212
196,75,0.128937716
196,581,0.1260097012
196,741,0.1260097012
197,605,0.6277664774
197,255,0.282689524
197,442,0.2389121016
197,671,0.2309333606
197,49,0.1908962449
197,729,0.1908962449
197,74,0.1394106372
197,295,0.1221753475
197,721,0.1221753475
198,518,0.2686640544
198,118,0.2513802589
198,136,0.2361918592
198,323,0.2346477158
198,602,0.2187554971
198,399,0.2138099261
198,95,0.1981669715
198,464,0.1785056382
198,97,0.1742848889
199,563,0.3551105885
199,476,0.2423531038
199,700,0.2197410405
199,714,0.2197410405
199,67,0.2169248585
199,315,0.212271973
199,705,0.2081661205
199,621,0.2028837186
199,60,0.1609786765
200,536,0.4922296259
200,279,0.2018297179
200,474,0.1823165624
200,563,0.1731552843
200,97,0.166962076
200,738,0.1515517449
200,399,0.1472599694
200,199,0.1446541862
200,245,0.1446541862
201,436,0.332688263
201,49,0.2648156463
201,729,0.2648156463
201,706,0.2527180427
201,603,0.2390073442
201,368,0.2319745453
201,30,0.2187828075
201,663,0.218321674
201,413,0.2182326328
202,240,0.2606818645
202,393,0.21819391
202,692,0.1993379701
202,679,0.1736716029
202,448,0.1578987637
202,46,0.155655629
202,722,0.155655629
202,476,0.1546404448
202,537,0.1500302858
203,260,0.369145086
203,58,0.3251764686
203,423,0.3106317613
203,445,0.3040995071
203,527,0.3040995071
203,415,0.2966817664
203,424,0.2959559714
203,385,0.2956945975
203,635,0.2956945975
204,141,0.220987934
204,613,0.220987934
204,52,0.1371954951
204,617,0.1224400108
204,302,0.1122235705
204,571,0.09659387804
204,177,0.09568574579
204,446,0.09067469506
204,270,0.08866379915
205,15,0.9981173128
205,108,0.9981173128
205,258,0.9981173128
205,624,0.9981173128
205,711,0.9981173128
205,33,0.9261998649
205,57,0.9261998649
205,560,0.800349371
205,26,0.6962188543
206,190,0.1553293038
206,665,0.1422850417
206,645,0.134690472
206,143,0.1324345783
206,612,0.120224398
206,495,0.1154697425
206,114,0.09904995511
206,713,0.09753646204
206,321,0.093837911
207,129,0.4700153441
207,451,0.4700153441
207,217,0.4460545509
207,50,0.1175682153
207,761,0.109063033
207,455,0.1053471332
207,708,0.1053471332
207,650,0.1053111482
207,554,0.1021213959
208,639,0.3102506755
208,172,0.2346876892
208,171,0.2283393068
208,716,0.2148063035
208,229,0.1595362443
208,79,0.154559348
208,277,0.154559348
208,296,0.154559348
208,582,0.1506143479
209,127,0.323670265
209,686,0.323670265
209,339,0.2340144036
209,240,0.1789620575
209,726,0.1646069183
209,103,0.123772415
209,554,0.1198872257
209,251,0.1166920478
